62 1458261616715 1458261621715 1458261628715 0 carte 20.0 2 name 10.0 2  
39 1458261668794 1458261673794 0 1458261680794 ada 20.0 1  
5 1458261816593 1458261821593 10000 0 name 10.0 2  
94 1458262027745 1458262032745 10000 0 da 30.0 1  
36 1458262616518 1458262621518 1458262636518 0 da 30.0 2  
83 1458262722373 1458262727373 1458262726373 0 da 30.0 2  
66 1458262864189 1458262869189 1458262868189 0 carte 20.0 3  
71 1458263112811 1458263117811 1458263122811 0 da 30.0 2  
60 1458263162867 1458263167867 1458263172867 0 carte 20.0 1  
13 1458308803398 1458308808398 1458308813398 0 apple 10.0 2  
90 1458309909105 1458309914105 1458309919105 0 apple 10.0 3  
44 1458310439991 1458310444991 1458310449991 0 carte 20.0 4  
18 1458313497673 1458313502673 1458313507673 0 car 10.0 3  
59 1458315070747 1458315075747 0 0 car 100.0 3  
